0.00E+00	1.36043E+22
1.00E-09	1.33324E+22
2.00E-09	1.30680E+22
3.00E-09	1.28109E+22
4.00E-09	1.25608E+22
5.00E-09	1.23176E+22
6.00E-09	1.20811E+22
7.00E-09	1.18512E+22
8.00E-09	1.16276E+22
9.00E-09	1.14102E+22
1.00E-08	1.11988E+22
1.10E-08	1.09933E+22
1.20E-08	1.07936E+22
1.30E-08	1.05994E+22
1.40E-08	1.04107E+22
1.50E-08	1.02273E+22
1.60E-08	1.00490E+22
1.70E-08	9.87576E+21
1.80E-08	9.70743E+21
1.90E-08	9.54387E+21
2.00E-08	9.38496E+21
2.10E-08	9.23059E+21
2.20E-08	9.08062E+21
2.30E-08	8.93495E+21
2.40E-08	8.79346E+21
2.50E-08	8.65604E+21
2.60E-08	8.52259E+21
2.70E-08	8.39299E+21
2.80E-08	8.26714E+21
2.90E-08	8.14494E+21
3.00E-08	8.02629E+21
3.10E-08	7.91109E+21
3.20E-08	7.79924E+21
3.30E-08	7.69064E+21
3.40E-08	7.58520E+21
3.50E-08	7.48283E+21
3.60E-08	7.38344E+21
3.70E-08	7.28693E+21
3.80E-08	7.19323E+21
3.90E-08	7.10223E+21
4.00E-08	7.01386E+21
4.10E-08	6.92804E+21
4.20E-08	6.84467E+21
4.30E-08	6.76368E+21
4.40E-08	6.68498E+21
4.50E-08	6.60850E+21
4.60E-08	6.53416E+21
4.70E-08	6.46188E+21
4.80E-08	6.39158E+21
4.90E-08	6.32320E+21
5.00E-08	6.25665E+21
5.10E-08	6.19186E+21
5.20E-08	6.12877E+21
5.30E-08	6.06729E+21
5.40E-08	6.00737E+21
5.50E-08	5.94894E+21
5.60E-08	5.89192E+21
5.70E-08	5.83625E+21
5.80E-08	5.78187E+21
5.90E-08	5.72872E+21
6.00E-08	5.67672E+21
6.10E-08	5.62583E+21
6.20E-08	5.57597E+21
6.30E-08	5.52710E+21
6.40E-08	5.47914E+21
6.50E-08	5.43206E+21
6.60E-08	5.38579E+21
6.70E-08	5.34028E+21
6.80E-08	5.29547E+21
6.90E-08	5.25132E+21
7.00E-08	5.20777E+21
7.10E-08	5.16478E+21
7.20E-08	5.12230E+21
7.30E-08	5.08029E+21
7.40E-08	5.03869E+21
7.50E-08	4.99747E+21
7.60E-08	4.95658E+21
7.70E-08	4.91599E+21
7.80E-08	4.87565E+21
7.90E-08	4.83554E+21
8.00E-08	4.79560E+21
8.10E-08	4.75582E+21
8.20E-08	4.71615E+21
8.30E-08	4.67657E+21
8.40E-08	4.63704E+21
8.50E-08	4.59754E+21
8.60E-08	4.55804E+21
8.70E-08	4.51852E+21
8.80E-08	4.47895E+21
8.90E-08	4.43931E+21
9.00E-08	4.39958E+21
9.10E-08	4.35974E+21
9.20E-08	4.31978E+21
9.30E-08	4.27967E+21
9.40E-08	4.23942E+21
9.50E-08	4.19900E+21
9.60E-08	4.15840E+21
9.70E-08	4.11761E+21
9.80E-08	4.07664E+21
9.90E-08	4.03546E+21
1.00E-07	3.99409E+21
1.01E-07	3.95251E+21
1.02E-07	3.91072E+21
1.03E-07	3.86874E+21
1.04E-07	3.82654E+21
1.05E-07	3.78415E+21
1.06E-07	3.74157E+21
1.07E-07	3.69880E+21
1.08E-07	3.65586E+21
1.09E-07	3.61275E+21
1.10E-07	3.56948E+21
1.11E-07	3.52607E+21
1.12E-07	3.48253E+21
1.13E-07	3.43887E+21
1.14E-07	3.39512E+21
1.15E-07	3.35130E+21
1.16E-07	3.30741E+21
1.17E-07	3.26349E+21
1.18E-07	3.21955E+21
1.19E-07	3.17562E+21
1.20E-07	3.13172E+21
1.21E-07	3.08788E+21
1.22E-07	3.04412E+21
1.23E-07	3.00048E+21
1.24E-07	2.95697E+21
1.25E-07	2.91364E+21
1.26E-07	2.87050E+21
1.27E-07	2.82760E+21
1.28E-07	2.78495E+21
1.29E-07	2.74260E+21
1.30E-07	2.70058E+21
1.31E-07	2.65891E+21
1.32E-07	2.61765E+21
1.33E-07	2.57681E+21
1.34E-07	2.53643E+21
1.35E-07	2.49655E+21
1.36E-07	2.45721E+21
1.37E-07	2.41843E+21
1.38E-07	2.38026E+21
1.39E-07	2.34272E+21
1.40E-07	2.30586E+21
1.41E-07	2.26971E+21
1.42E-07	2.23430E+21
1.43E-07	2.19968E+21
1.44E-07	2.16586E+21
1.45E-07	2.13289E+21
1.46E-07	2.10080E+21
1.47E-07	2.06962E+21
1.48E-07	2.03938E+21
1.49E-07	2.01011E+21
1.50E-07	1.98185E+21
1.51E-07	1.95462E+21
1.52E-07	1.92845E+21
1.53E-07	1.90337E+21
1.54E-07	1.87940E+21
1.55E-07	1.85657E+21
1.56E-07	1.83489E+21
1.57E-07	1.81440E+21
1.58E-07	1.79511E+21
1.59E-07	1.77703E+21
1.60E-07	1.76020E+21
1.61E-07	1.74461E+21
1.62E-07	1.73030E+21
1.63E-07	1.71725E+21
1.64E-07	1.70550E+21
1.65E-07	1.69503E+21
1.66E-07	1.68587E+21
1.67E-07	1.67801E+21
1.68E-07	1.67145E+21
1.69E-07	1.66620E+21
1.70E-07	1.66225E+21
1.71E-07	1.65960E+21
1.72E-07	1.65823E+21
1.73E-07	1.65815E+21
1.74E-07	1.65933E+21
1.75E-07	1.66177E+21
1.76E-07	1.66544E+21
1.77E-07	1.67034E+21
1.78E-07	1.67643E+21
1.79E-07	1.68370E+21
1.80E-07	1.69211E+21
1.81E-07	1.70165E+21
1.82E-07	1.71228E+21
1.83E-07	1.72396E+21
1.84E-07	1.73667E+21
1.85E-07	1.75037E+21
1.86E-07	1.76501E+21
1.87E-07	1.78055E+21
1.88E-07	1.79696E+21
1.89E-07	1.81418E+21
1.90E-07	1.83218E+21
1.91E-07	1.85089E+21
1.92E-07	1.87027E+21
1.93E-07	1.89026E+21
1.94E-07	1.91081E+21
1.95E-07	1.93187E+21
1.96E-07	1.95337E+21
1.97E-07	1.97526E+21
1.98E-07	1.99747E+21
1.99E-07	2.01995E+21
2.00E-07	2.04262E+21
2.01E-07	2.06543E+21
2.02E-07	2.08832E+21
2.03E-07	2.11121E+21
2.04E-07	2.13404E+21
2.05E-07	2.15674E+21
2.06E-07	2.17925E+21
2.07E-07	2.20150E+21
2.08E-07	2.22342E+21
2.09E-07	2.24494E+21
2.10E-07	2.26600E+21
2.11E-07	2.28654E+21
2.12E-07	2.30647E+21
2.13E-07	2.32575E+21
2.14E-07	2.34429E+21
2.15E-07	2.36205E+21
2.16E-07	2.37895E+21
2.17E-07	2.39495E+21
2.18E-07	2.40996E+21
2.19E-07	2.42394E+21
2.20E-07	2.43684E+21
2.21E-07	2.44859E+21
2.22E-07	2.45914E+21
2.23E-07	2.46844E+21
2.24E-07	2.47645E+21
2.25E-07	2.48311E+21
2.26E-07	2.48839E+21
2.27E-07	2.49223E+21
2.28E-07	2.49462E+21
2.29E-07	2.49550E+21
2.30E-07	2.49484E+21
2.31E-07	2.49263E+21
2.32E-07	2.48883E+21
2.33E-07	2.48341E+21
2.34E-07	2.47637E+21
2.35E-07	2.46768E+21
2.36E-07	2.45733E+21
2.37E-07	2.44532E+21
2.38E-07	2.43163E+21
2.39E-07	2.41628E+21
2.40E-07	2.39925E+21
2.41E-07	2.38057E+21
2.42E-07	2.36024E+21
2.43E-07	2.33826E+21
2.44E-07	2.31468E+21
2.45E-07	2.28949E+21
2.46E-07	2.26274E+21
2.47E-07	2.23446E+21
2.48E-07	2.20466E+21
2.49E-07	2.17341E+21
2.50E-07	2.14073E+21
2.51E-07	2.10667E+21
2.52E-07	2.07128E+21
2.53E-07	2.03462E+21
2.54E-07	1.99674E+21
2.55E-07	1.95770E+21
2.56E-07	1.91756E+21
2.57E-07	1.87639E+21
2.58E-07	1.83427E+21
2.59E-07	1.79126E+21
2.60E-07	1.74743E+21
2.61E-07	1.70287E+21
2.62E-07	1.65766E+21
2.63E-07	1.61188E+21
2.64E-07	1.56562E+21
2.65E-07	1.51896E+21
2.66E-07	1.47199E+21
2.67E-07	1.42480E+21
2.68E-07	1.37748E+21
2.69E-07	1.33014E+21
2.70E-07	1.28286E+21
2.71E-07	1.23574E+21
2.72E-07	1.18887E+21
2.73E-07	1.14235E+21
2.74E-07	1.09628E+21
2.75E-07	1.05076E+21
2.76E-07	1.00587E+21
2.77E-07	9.61725E+20
2.78E-07	9.18410E+20
2.79E-07	8.76021E+20
2.80E-07	8.34651E+20
2.81E-07	7.94392E+20
2.82E-07	7.55334E+20
2.83E-07	7.17564E+20
2.84E-07	6.81170E+20
2.85E-07	6.46234E+20
2.86E-07	6.12837E+20
2.87E-07	5.81059E+20
2.88E-07	5.50974E+20
2.89E-07	5.22655E+20
2.90E-07	4.96170E+20
2.91E-07	4.71584E+20
2.92E-07	4.48961E+20
2.93E-07	4.28355E+20
2.94E-07	4.09823E+20
2.95E-07	3.93411E+20
2.96E-07	3.79166E+20
2.97E-07	3.67127E+20
2.98E-07	3.57331E+20
2.99E-07	3.49807E+20
3.00E-07	3.44581E+20
3.01E-07	3.41675E+20
3.02E-07	3.41104E+20
3.03E-07	3.42877E+20
3.04E-07	3.47001E+20
3.05E-07	3.53475E+20
3.06E-07	3.62294E+20
3.07E-07	3.73446E+20
3.08E-07	3.86915E+20
3.09E-07	4.02679E+20
3.10E-07	4.20712E+20
3.11E-07	4.40980E+20
3.12E-07	4.63445E+20
3.13E-07	4.88065E+20
3.14E-07	5.14791E+20
3.15E-07	5.43569E+20
3.16E-07	5.74341E+20
3.17E-07	6.07042E+20
3.18E-07	6.41606E+20
3.19E-07	6.77957E+20
3.20E-07	7.16020E+20
3.21E-07	7.55711E+20
3.22E-07	7.96944E+20
3.23E-07	8.39629E+20
3.24E-07	8.83672E+20
3.25E-07	9.28974E+20
3.26E-07	9.75435E+20
3.27E-07	1.02295E+21
3.28E-07	1.07141E+21
3.29E-07	1.12070E+21
3.30E-07	1.17072E+21
3.31E-07	1.22135E+21
3.32E-07	1.27246E+21
3.33E-07	1.32395E+21
3.34E-07	1.37569E+21
3.35E-07	1.42755E+21
3.36E-07	1.47943E+21
3.37E-07	1.53118E+21
3.38E-07	1.58270E+21
3.39E-07	1.63386E+21
3.40E-07	1.68453E+21
3.41E-07	1.73459E+21
3.42E-07	1.78392E+21
3.43E-07	1.83240E+21
3.44E-07	1.87991E+21
3.45E-07	1.92634E+21
3.46E-07	1.97156E+21
3.47E-07	2.01547E+21
3.48E-07	2.05796E+21
3.49E-07	2.09891E+21
3.50E-07	2.13823E+21
3.51E-07	2.17581E+21
3.52E-07	2.21157E+21
3.53E-07	2.24539E+21
3.54E-07	2.27720E+21
3.55E-07	2.30692E+21
3.56E-07	2.33446E+21
3.57E-07	2.35974E+21
3.58E-07	2.38270E+21
3.59E-07	2.40328E+21
3.60E-07	2.42142E+21
3.61E-07	2.43705E+21
3.62E-07	2.45015E+21
3.63E-07	2.46065E+21
3.64E-07	2.46854E+21
3.65E-07	2.47377E+21
3.66E-07	2.47633E+21
3.67E-07	2.47620E+21
3.68E-07	2.47337E+21
3.69E-07	2.46783E+21
3.70E-07	2.45959E+21
3.71E-07	2.44866E+21
3.72E-07	2.43505E+21
3.73E-07	2.41879E+21
3.74E-07	2.39990E+21
